vl Avfin'rlssliMEN'l‘.

51115 50111110 (10 M. 1ζ)κ11’1,1,κκ(1. .Ῑ’111 11115 1111001110111 11 1110111
5011 Adnotasse) rrefte'va, zuoze 1111111111111 (1”1’1111110111111011, 01
je 11’111 11011 110011ςο (10 00 (1111 11 1111111 (10111115 ’1884 5111
ΓΕΜηυιῃιυ. 1111111111 (1110 1105511110. 1( 111011 51115 101111 aux
1000115 (105 111111111501115, 511110111, 11 001105 (111 [3001011103.
Ρ1111111 105 (’·011,100111105 (11101111 0111 (101011 1111011101, 11110
501110 111051 11015011110110. (111 (111 11101115 10 111 01015 10110
(v. 588 : 1111010111, 111111011 (10 11111111110111).

,1111 11115 011 1010 (10 00 1111111110 11110 1111101111011011
0101111110 (111 50111 101111105 105 10111111111105 0011(·011111111 111
00111111110 (10 10011011, 10 (1017010111101110111 (105 011111010105,
105 1011110115 (10 Τ0101100 111-00 5011 111011010 grec, 1111510-
rique (10 111 111000. 011110 (1110 005 10111111111105 1011110111 (10
111 50110 1111 0115011111Ιο 11101110(11(1110,10 00111111011111110 50
110111011110110 (1“1111111111. 11 051, (10110 111111011111101110111011-
1111110 0110111111. (ᾙο (111110011110111 (10 11101110111, je 10 (1015
a Donat 01 aux 11111105 5011011115105, 1111κν 1111110111111ιλν
0111101115 1111010115 01 111011011105 (10 Το101100, :mx 0111110115
51100111105 1011011105 (10 00111111105 1110005, 511110111, 11 00110 (10
l'Amlrz‘cnne 11111 5110110·οῙ (110111117 111-1110101111), 11 00110
(111 l’lzcwmion 11111 1)],1111κ110 (Leipzig, 'smmum-5, 1100110
(101ἸΙοἷοῃ10 111111). ἸἸιο111115(1)·11115, 111111011510011), a 001105
(105 Adelphos 11111 Spengel (Mhidnlann), lulatzko
(souhnur‘), Ι)105515 11111111·1(·510(’·κ), 5111111111111 (Τ111111,
1100501101). .Ιο 1110 51115 50111 11100 10 111115 grand 1110111 (111
I'lwcle, 11111111101111111 0011111101, (1115511111 (Hammo, 51111111-
1111115 1111111111ιο (ἱ)11101111111111111101. Enim j'ui 10111 avec
50111 10111 0011111 110115 10510110111 0011101110 11111110, 0100110
10011110 111’11, 110111115 (10 111-(1551150115111101110111 10 1101111110
(105 11111111·0(ζ·11011101115 (10111 5101111105 (10 Τ0101100 5011 11100
lui-mmm> 5011 1110(- 10511111105 001111111105 1011101115.

