ΩΟ INTRODUCTION.

suroxeitor, 19111 jusqu'u l’exemple du plus grand (195 (lieux
que, (1311513 9113911119 (19 Pamphila, un 13111939 19111959919
5991115391 1339391. Mais, 1931319 1911195 995 excuses, 11131-
,91919115 195 311111995 (19111 95111319 19 19911 (19 1391199 (19
(11139193, 9119 391919(11·11311 5193111191991991 notro sympa-
11119 119111 1111, 51 9995 9911995 1135 9991319995 qu'il y 31311
(13115 5911 3199111· 119111 Ρ3911111113 311119 911959 que 991
1119515111119 (19511 59951911. 11 13191311 1131919111, (1’11119 pas-
5199 1119199119 91 (1111111119. La ‹zroyant esclave, 1111991311
911 13119 53 9131119559. Quaud 11 5311 (19’9119 951 111119 91
9111119999, 1113 veut 119111·911(;11159 : « Emoriar, si 11911 113119
uxorem duxero. » Eu 1111 911311113111 91311 (19 9911113999, 11
191991 ἐι Thais 19 51119 (19 599 1111911999), 91 quand 99 1199119111
951 3551119 1131· 19 99959919919111 (19 599 11919, 11991· exprimes
13 joie (1119 1111 931159 13 11955955199 (1911911119 91 legitime (19
Pamphila, 11 1191119 (1395 5911 3919 1111 911 111115 919(1119111
999919 (1119 991111 1131· 19111191 11 1131191531119111 3 11191119 13
joie (1’11119 11(155(;·55199 11919919 91111993119ς 11 (115311 31915
(111’1191311111(“11 ἐι 9191111111911111191591191991191919 (111 1119139919
(195 9113311115 1131195(111915 13 119 1191111311 13 991199111193ς 11
119 113119 111115 9131919113111 (19 91911111, 9991111391 sur 191119
1199 119 (19 1199119111ῑ 11 59 1119913919 19 111115 119111911Χ (195
1191911195,991111 (111(1111 195 (lieux (1111 9139119519 191119 19111
1111155311994. (jo (1111 3911919 (19 119115 19 faire 3111191, 99 119115
1919139113 1191119 (19 5911 9111111, (5951 (1119, (13115 l'ivresse
1119919 (19, 531919,1 11 nummio 31191111 (19 ceux {t qui il 911 951
19(191’31119; 195 (lieux, 1)(11111911911, Thais, 5911 11919 ⁵. La
11139119 (19 53 1999911315531199 &galo 13 91131991 (19 son
3199111. Et, quelque 3115911131119 (1119 5911 1311911599 (19 5911
111911191199119111, 9119 119 1’99111(“ε9119 1135 (19 song-01· ἐι 991111 (19
5911 11919. (1991919 11 531111119311 (19 19 531911 aux 1111595 3199
1111 11131 119119 91 3911919111, 11 59 19191111 913191993111 (19 19

l. Υ. 3839151111.

’3. V. 872-8825.

33. Υ. .·’1,’11 9151111.

ν1. Υ. 10:31 9151111.

ΐ1. Υ. 1οῖ119151111·.,1011915911..1051915911.

 

