6 lN'sRODUst'slON.

[11011010 01, 50 (1001(10. Ello 051 1110110100 ‹subm-d 1101 10101-
ςςῑιο1110111 (10 Phaedria 11110 110115 1010115, 011151 qu'il 101110-
0115, 110111111011110, 0001110000, 11011 50115 avoir 1000010100(Ιέ
01)(11111011110110 0001111110 01107, Thais· 10 50110010 011111111100110
01 1001011100 00110105110111· 0110 sur 5011 110511. Cotto 50000
0011010 011 011110 1011011111110 (111 0010010111 110 Phaedria. Ε110
5011 0111111 0 1111111101· 10 1110501100 (10 1)(110101100 (1111 (1011
000055οἰ10010111, 00115 0110115 10 1011, 05515101 0 1001100 (10
1)(1011111110 01107, ’1’110’1’5. —- (1001010 Phaedria 110111 (10 50101-
gnon 011110 1100111110, 1111105110 1111 5011101, 01101μο (1011101101
1)01111ῐ111110011οκ ’1110151101Ιο (1001010110, 0550111101100 l’artiml,
10111011 1111 1111105110 1000051011 (1131110501- (10115 1111 1105 00111-
50111, 0100111031ιο 0011101001 11 0 00010111 1111 (10 505 amis 111100
{r 10 (1110111110, 1111011100 1101· lui, (11111111 11011001 110 1111011011-
10111· 0111110110051101111111. Λ1101·(,·1ῑ“1’0111 001111 1)(110101101111111
1’1’·(“11111011, 11 10 101110 5111· 10 (11501000 (10 5011 11101110. 1)(115 11
011110 011οκ ’1’110”1’5 01011 1055011 1110511110 00551101. lui 010111
100115 Pamphila 01 1010111 11111100 {r 1111101· (11· 10 11011 110,
’1111051110 — Ι’1100(1110 110111, 1)(11111111110 0111100 011οκ 111015,
1”01111·0111·150 (10 (llum-021 05111115511111·. Eli(- 051, (10011100 011 1111
(1101110110 (10 1”011111“·11001·0(· 1)(11Ί11011110,(1’1111 00111101 01 (1’11110
501010 110 0001111110 1101111115. 1)·0101001111, 10510 50111, 1011
0001111111. 1105 00111, 1011011110 11010 110 1’110011110, (1111 ‹lox-ruit
0110 011 Ι’11·00, 1111 11051 011 1101015110. 11010001111110 (1011510
111011110101100 fillo 111101 1’0.1’Ιι·;101·11111011·0 110011Ιο 1’;1 11011110
1101111111011110. 11 10501110. 311115, 01101010 1”111511111,1111 11011
0011 111· 51111 11010 10 011010 055οκ 11109110111001 01 11 0 11011111
141 11000110 10100110 11110. 1100 051, 011011111010011111111111011Χς
11 1’.·101110”1Ι 10. 1011111110 01 (1011Ιο 5011 0 1111. Aux 11010115
11110005 1101· 1011110110. 1’01·11100110 0 1001101111 1)(11111111110. 11 1111
01111101111111101· 111111 1Ι’οΙ1111·1Ι (1110110 051011οκ ’111015 11 (1111 110111
110 11111111· 11· 11101 110 Phaedria. Au prix ‹l'un 101 11105001
(1110111-15101·11’1·Ι 11101101101011011 0101111100, (111111Ιο 11110011110
ir 10 1111“·111οἸ’110’1“5 Ῐ 1101110111 0110111100, 500110 (tham-4321. 111115-
(111”11 1·11·1·0 0011105 111· 10 110110 101010 05010101 1’01·01011110 1111
1111111050 011 111015001001 (10 1110111110 10 0051111110 01 10111000 (10

